
====================================================================================================
EXTERNAL SIMULATION GRID -- 5 covariates, n=3000 each
  stability check, not a win check: does the fit stay finite and
  calibrated as events get rare and censoring gets heavy?
====================================================================================================
   event%  cens%  obs ev |   lin NLL  KAN NLL   lin C   KAN C  lin IBS  KAN IBS   max h  ok
       10      0   0.104 |    0.6122   0.6122  0.5979  0.5876   0.0462   0.0463  0.0165   y
       10     10   0.109 |    0.6548   0.6565  0.6223  0.6142   0.0509   0.0511  0.0205   y
       10     30   0.092 |    0.5863   0.5866  0.6533  0.6465   0.0517   0.0519  0.0275   y
       10     50   0.077 |    0.5264   0.5256  0.6099  0.6004   0.0534   0.0533  0.0300   y
       10     70   0.065 |    0.4003   0.4047  0.6597  0.6210   0.0422   0.0426  0.0505   y
       30      0   0.300 |    1.4955   1.4980  0.6435  0.6386   0.1135   0.1140  0.0667   y
       30     10   0.291 |    1.4147   1.4145  0.6208  0.6163   0.1171   0.1176  0.0449   y
       30     30   0.257 |    1.2623   1.2627  0.6048  0.6029   0.1150   0.1150  0.1182   y
       30     50   0.215 |    1.0372   1.0356  0.6342  0.6300   0.1012   0.1018  0.0930   y
       30     70   0.161 |    0.7268   0.7307  0.6961  0.6982   0.0758   0.0761  0.0754   y
       50      0   0.503 |    2.1953   2.1945  0.6359  0.6365   0.1562   0.1560  0.1545   y
       50     10   0.481 |    2.0165   2.0181  0.6422  0.6399   0.1494   0.1496  0.1591   y
       50     30   0.424 |    1.7831   1.7844  0.6286  0.6278   0.1494   0.1501  0.2364   y
       50     50   0.341 |    1.5034   1.5015  0.6594  0.6603   0.1333   0.1335  0.2862   y
       50     70   0.239 |    1.1876   1.1886  0.6338  0.6316   0.1291   0.1290  0.5273   y
       70      0   0.700 |    2.6204   2.6214  0.6518  0.6511   0.1702   0.1701  0.2489   y
       70     10   0.653 |    2.4846   2.4880  0.6313  0.6297   0.1698   0.1702  0.3341   y
       70     30   0.556 |    2.0764   2.0762  0.6426  0.6421   0.1617   0.1617  0.4598   y
       70     50   0.426 |    1.7037   1.7002  0.5992  0.6004   0.1507   0.1515  0.6548   y
       70     70   0.288 |    1.3621   1.3616  0.6486  0.6423   0.1351   0.1352  0.9438   y

  -> every cell finite and calibrated; no instability across the grid.

====================================================================================================
EXTERNAL SIMULATION GRID -- 25 covariates, n=3000 each
  stability check, not a win check: does the fit stay finite and
  calibrated as events get rare and censoring gets heavy?
====================================================================================================
   event%  cens%  obs ev |   lin NLL  KAN NLL   lin C   KAN C  lin IBS  KAN IBS   max h  ok
       10      0   0.101 |    0.6436   0.6463  0.5977  0.5784   0.0528   0.0532  0.0295   y
       10     10   0.101 |    0.5648   0.5642  0.6647  0.6609   0.0479   0.0482  0.0443   y
       10     30   0.103 |    0.6251   0.6209  0.6220  0.6458   0.0543   0.0539  0.0638   y
       10     50   0.075 |    0.4416   0.4469  0.6745  0.6499   0.0401   0.0408  0.0694   y
       10     70   0.064 |    0.4125   0.4149  0.5607  0.5554   0.0456   0.0460  0.1498   y
       30      0   0.295 |    1.4063   1.4060  0.6719  0.6703   0.1068   0.1071  0.1049   y
       30     10   0.309 |    1.4963   1.4949  0.6595  0.6643   0.1168   0.1166  0.1311   y
       30     30   0.256 |    1.1742   1.1734  0.6504  0.6518   0.1062   0.1061  0.3238   y
       30     50   0.225 |    1.0624   1.0643  0.6548  0.6536   0.1006   0.1012  0.2738   y
       30     70   0.166 |    0.8597   0.8583  0.6434  0.6431   0.0975   0.0976  0.2700   y
       50      0   0.502 |    2.2068   2.2098  0.6280  0.6271   0.1580   0.1587  0.3521   y
       50     10   0.494 |    2.1058   2.1132  0.6555  0.6536   0.1576   0.1596  0.2648   y
       50     30   0.414 |    1.7598   1.7698  0.6443  0.6346   0.1447   0.1468  0.3015   y
       50     50   0.337 |    1.4922   1.4950  0.6340  0.6291   0.1350   0.1356  0.4690   y
       50     70   0.244 |    1.0884   1.0899  0.6408  0.6420   0.1121   0.1123  0.6518   y
       70      0   0.696 |    2.5927   2.6001  0.6513  0.6487   0.1699   0.1715  0.5067   y
       70     10   0.649 |    2.4678   2.4684  0.6580  0.6580   0.1590   0.1591  0.5149   y
       70     30   0.539 |    2.1132   2.1123  0.6389  0.6386   0.1573   0.1579  0.6241   y
       70     50   0.437 |    1.7564   1.7586  0.6413  0.6352   0.1508   0.1519  0.5247   y
       70     70   0.287 |    1.1909   1.1994  0.6879  0.6860   0.1163   0.1178  0.6241   y

  -> every cell finite and calibrated; no instability across the grid.
EXIT=0
