
====================================================================================================
EXTERNAL SIMULATION GRID -- 5 covariates, n=3000 each
  stability check, not a win check: does the fit stay finite and
  calibrated as events get rare and censoring gets heavy?
====================================================================================================
   event%  cens%  obs ev |   lin NLL  KAN NLL   lin C   KAN C  lin IBS  KAN IBS   max h  ok
       10      0   0.104 |    0.6117   0.6102  0.6009  0.5929   0.0461   0.0461  0.0143   y
       10     10   0.109 |    0.6525   0.6532  0.6208  0.6071   0.0507   0.0509  0.0224   y
       10     30   0.092 |    0.5863   0.5870  0.6603  0.6523   0.0516   0.0519  0.0280   y
       10     50   0.077 |    0.5264   0.5308  0.6173  0.6092   0.0534   0.0536  0.0370   y
       10     70   0.065 |    0.3996   0.4020  0.6664  0.6302   0.0421   0.0426  0.0338   y
       30      0   0.300 |    1.4943   1.4988  0.6470  0.6372   0.1134   0.1142  0.1010   y
       30     10   0.291 |    1.4176   1.4132  0.6149  0.6215   0.1176   0.1170  0.0779   y
       30     30   0.257 |    1.2636   1.2614  0.6022  0.6040   0.1154   0.1150  0.0948   y
       30     50   0.215 |    1.0390   1.0364  0.6306  0.6290   0.1015   0.1017  0.0866   y
       30     70   0.161 |    0.7255   0.7319  0.6971  0.6891   0.0754   0.0766  0.0872   y
       50      0   0.503 |    2.1942   2.2002  0.6378  0.6369   0.1558   0.1571  0.1729   y
       50     10   0.481 |    2.0146   2.0183  0.6445  0.6395   0.1490   0.1497  0.1598   y
       50     30   0.424 |    1.7804   1.7862  0.6301  0.6301   0.1493   0.1501  0.2601   y
       50     50   0.341 |    1.5047   1.5001  0.6595  0.6576   0.1336   0.1330  0.2928   y
       50     70   0.239 |    1.1870   1.1925  0.6344  0.6180   0.1290   0.1314  0.2462   y
       70      0   0.700 |    2.6197   2.6230  0.6521  0.6491   0.1700   0.1705  0.3261   y
       70     10   0.653 |    2.4834   2.4905  0.6318  0.6257   0.1696   0.1698  0.3691   y
       70     30   0.556 |    2.0766   2.0815  0.6440  0.6428   0.1619   0.1632  0.3075   y
       70     50   0.426 |    1.7037   1.7057  0.6010  0.5965   0.1506   0.1517  0.8061   y
       70     70   0.288 |    1.3616   1.3628  0.6478  0.6407   0.1350   0.1359  0.8608   y

  -> every cell finite and calibrated; no instability across the grid.

====================================================================================================
EXTERNAL SIMULATION GRID -- 25 covariates, n=3000 each
  stability check, not a win check: does the fit stay finite and
  calibrated as events get rare and censoring gets heavy?
====================================================================================================
   event%  cens%  obs ev |   lin NLL  KAN NLL   lin C   KAN C  lin IBS  KAN IBS   max h  ok
       10      0   0.101 |    0.6411   0.6476  0.6038  0.5876   0.0527   0.0533  0.0298   y
       10     10   0.101 |    0.5666   0.5639  0.6531  0.6568   0.0481   0.0482  0.0428   y
       10     30   0.103 |    0.6235   0.6231  0.6298  0.6304   0.0540   0.0542  0.0555   y
       10     50   0.075 |    0.4419   0.4442  0.6713  0.6626   0.0401   0.0406  0.0761   y
       10     70   0.064 |    0.4110   0.4146  0.5712  0.5644   0.0455   0.0459  0.0972   y
       30      0   0.295 |    1.4045   1.4167  0.6740  0.6412   0.1065   0.1090  0.1077   y
       30     10   0.309 |    1.4960   1.4945  0.6606  0.6649   0.1168   0.1165  0.1253   y
       30     30   0.256 |    1.1741   1.1725  0.6491  0.6529   0.1061   0.1060  0.3291   y
       30     50   0.225 |    1.0581   1.0705  0.6626  0.6302   0.0994   0.1019  0.2191   y
       30     70   0.166 |    0.8576   0.8589  0.6501  0.6443   0.0971   0.0975  0.2710   y
       50      0   0.502 |    2.2065   2.2102  0.6289  0.6268   0.1579   0.1587  0.3427   y
       50     10   0.494 |    2.1058   2.1133  0.6555  0.6534   0.1576   0.1596  0.2662   y
       50     30   0.414 |    1.7597   1.7712  0.6444  0.6272   0.1447   0.1473  0.3309   y
       50     50   0.337 |    1.4916   1.5051  0.6343  0.6251   0.1349   0.1382  0.4404   y
       50     70   0.244 |    1.0881   1.0866  0.6401  0.6475   0.1124   0.1123  0.6402   y
       70      0   0.696 |    2.5928   2.6002  0.6525  0.6462   0.1699   0.1717  0.3540   y
       70     10   0.649 |    2.4689   2.4742  0.6573  0.6560   0.1592   0.1598  0.4302   y
       70     30   0.539 |    2.1085   2.1101  0.6409  0.6351   0.1563   0.1580  0.5585   y
       70     50   0.437 |    1.7562   1.7611  0.6410  0.6309   0.1508   0.1521  0.5866   y
       70     70   0.287 |    1.1932   1.1970  0.6840  0.6922   0.1169   0.1181  0.5626   y

  -> every cell finite and calibrated; no instability across the grid.
EXIT=0
